51
68
216
89
73
80
66
29
5
14
139
161
215
107
168
187
231
210
146
1
7
172
19
202
45
151
195
102
131
247
163
46
157
236
26
155
209
28
199
76
30
229
93
204
211
54
13
130
29
14
209
46
1
119
245
174
182
252
15
215
5
12
105
40
15
216
35
120
126
33
78
188
2
77
33
136
39
189
22
148
21
141
199
144
46
237
209
111
247
60
194
161
139
33
36
204
158
5
199
86
24
191
154
31
167
242
154
228
197
105
208
168
71
244
248
241
97
81
4
10
54
221
92
96
169
117
172
16
163
120
110
199
168
234
2
83
81
109
239
219
101
51
251
225
93
148
116
245
217
104
